- name: Home
  latitude: 51.337396
  longitude: 12.377815
  radius: 20
  icon: mdi:home